3998.885233 138405.332819 -475369.318086 
4001.213671 260884.630197 -801116.921897 
4000.091020 752124.157213 -707126.041592 
4001.724947 -589924.750358 15708.473556 
3998.287715 -405594.982591 547728.011700 
4001.744241 -675768.038420 -98760.490664 
4000.222137 -512708.407068 22887.370442 
3999.127101 864555.296613 -102657.054739 
3997.273865 660958.479830 -202171.078599 
4001.510603 -555747.612888 -23170.137515 
4001.590614 167545.152059 -871536.142815 
3999.772176 1016902.572007 1411.735490 
3998.100119 39935.559641 819841.710727 
3998.948438 -430323.646944 470375.616329 
3998.739231 -350836.952176 492777.769873 
3998.207345 644530.386965 -588849.765854 
0.103440 -12.259118 -30.244012 23.401902 -15.142044 -1.712540 -38.077892 -9.543885 45.411221 59.602424 -21.980422 -74.302606 21.436202 23.577481 -3.082351 -10.830513 43.351645 
1.379149 -24.501544 -33.381945 -30.385394 -10.453202 25.503202 -43.650163 -4.149180 11.952018 3.469943 -15.351616 -61.334004 63.598459 83.244028 11.945316 34.123470 -6.126832 
0.768055 30.594110 50.435151 48.825706 -36.652369 -39.731387 -24.098358 -60.479414 40.945792 6.623494 -19.204349 55.683562 61.412014 -64.873693 -27.110718 -31.078565 9.889001 
0.464474 -30.364436 -50.422025 -48.123577 36.815946 39.989431 24.806260 59.071403 -40.544920 -7.504296 19.958548 -54.911501 -62.691456 67.488015 27.463235 31.192655 -10.938203 
